224,35
3,2
3,1
3,3
10,278
10,94
10,264
10,98
10,212
10,216
10,210
10,3
9,6
9,4
8,11
8,18
8,15
8,2
8,3
220,3
220,2
220,1
18,3
14,1
14,3
13,1
13,3
220,0
219,3
219,2
219,1
219,0
179,3
179,2
179,1
179,0
178,3
178,2
178,1
178,0
177,8
177,7
177,6
177,5
177,4
177,3
177,2
177,1
177,0
176,8
176,7
176,6
176,5
176,4
176,3
176,2
176,1
176,0
175,3
175,2
175,1
175,0
174,3
174,2
174,1
174,0
89,5
89,4
89,3
89,2
89,1
20,3
20,2
20,1
19,3
19,2
19,1
18,1
12,3
12,2
12,1
11,27
11,26
11,25
11,24
11,23
11,22
11,21
11,20
11,19
11,18
11,17
11,16
11,15
11,14
11,13
11,12
11,11
11,10
11,9
11,8
11,7
11,6
11,5
11,4
11,3
11,2
11,1
10,309
10,306
10,305
10,303
10,302
10,285
10,281
10,275
10,265
